Ansys Lumerical 2020 R2 Variational FDTD Solver Version 7.16.2387 (Windows 64bit)
 expires (month/day/year): 12/31/2035
using config file: Ansys Licensing set with ANSYSLMD_LICENSE_FILE
license host: 
current time: Sat Apr 19 22:12:54 2025
Running on host: Justin
All processes are communicating and ready to proceed to simulation...
Running lms file: C:\Program Files\Lumerical\v202\bin\varfdtd-engine-msmpi.exe -t 1 -remote C:/Users/justi/Jac ITB/ITB Semester 6/Optoelektronika/UTS/ring filter demux.lms
Starting meshing
Simulation size in gridpoints: 1 x 51 x 1
Refined 0 mesh cells (0%)
Completed meshing!
Meshing complete in 0.015625 seconds of CPU time
Starting meshing
Simulation size in gridpoints: 1 x 51 x 1
Refined 0 mesh cells (0%)
Completed meshing!
Meshing complete in 0 seconds of CPU time
Starting meshing
Simulation size in gridpoints: 1 x 51 x 1
Refined 0 mesh cells (0%)
Completed meshing!
Meshing complete in 0 seconds of CPU time
Starting meshing
Simulation size in gridpoints: 1 x 51 x 1
Refined 0 mesh cells (0%)
Completed meshing!
Meshing complete in 0 seconds of CPU time
Starting meshing
Simulation size in gridpoints: 1 x 51 x 1
Refined 0 mesh cells (0%)
Completed meshing!
Meshing complete in 0 seconds of CPU time
Starting meshing
Simulation size in gridpoints: 1 x 51 x 1
Refined 0 mesh cells (0%)
Completed meshing!
Meshing complete in 0 seconds of CPU time
Starting meshing
Simulation size in gridpoints: 1 x 51 x 1
Refined 0 mesh cells (0%)
Completed meshing!
Meshing complete in 0 seconds of CPU time
Starting meshing
Simulation size in gridpoints: 1 x 51 x 1
Refined 0 mesh cells (0%)
Completed meshing!
Meshing complete in 0 seconds of CPU time
Starting meshing
Simulation size in gridpoints: 1 x 51 x 1
Refined 0 mesh cells (0%)
Completed meshing!
Meshing complete in 0 seconds of CPU time
number of processors is 12
processors are distributed as: 4x3x1
Running TE Simulation
Starting meshing
Simulation size in gridpoints: 112 x 139 x 1
Refined 0 mesh cells (0%)
Completed meshing!
Meshing complete in 0.546875 seconds of CPU time
12464 12464
Starting meshing
Simulation size in gridpoints: 112 x 139 x 1
Refined 0 mesh cells (0%)
Completed meshing!
Meshing complete in 0.4375 seconds of CPU time
12304 12304
finished material properties
Selected kernel with optimization level: 0 and split-field propagation direction: 0
-----------------------------------------
Beginning initialization of TE Simulation
Starting to add sources to simulation
Adding TE Mode Source propagating in X
Adding TE Mode Source propagating in X
Adding TE Mode Source propagating in X
Starting to add boundary conditions to simulation
Adding TE PML BC
Adding TE parallel BC
Adding TE PML BC
Adding TE parallel BC
Starting to add monitors to Simulation
Adding analysis monitor
Adding TE DFT monitor
Adding TE DFT monitor
Adding TE Time monitor
Adding TE DFT monitor
Finished initialization of TE Simulation
-----------------------------------------
All processes are communicating and ready to proceed to simulation...
Starting 65733 total iterations
0% complete. Max time remaining: 45 secs. Auto Shutoff: 1
2% complete. Max time remaining: 60 secs. Auto Shutoff: 1
3% complete. Max time remaining: 1 min, 23 secs. Auto Shutoff: 1
5% complete. Max time remaining: 1 min, 26 secs. Auto Shutoff: 0.994075
6% complete. Max time remaining: 1 min, 31 secs. Auto Shutoff: 0.394447
8% complete. Max time remaining: 1 min, 30 secs. Auto Shutoff: 0.385451
9% complete. Max time remaining: 1 min, 28 secs. Auto Shutoff: 0.388806
11% complete. Max time remaining: 1 min, 27 secs. Auto Shutoff: 0.203676
12% complete. Max time remaining: 1 min, 26 secs. Auto Shutoff: 0.203972
14% complete. Max time remaining: 1 min, 25 secs. Auto Shutoff: 0.197418
16% complete. Max time remaining: 1 min, 24 secs. Auto Shutoff: 0.12849
17% complete. Max time remaining: 1 min, 22 secs. Auto Shutoff: 0.118465
19% complete. Max time remaining: 1 min, 19 secs. Auto Shutoff: 0.116017
20% complete. Max time remaining: 1 min, 19 secs. Auto Shutoff: 0.0829738
22% complete. Max time remaining: 1 min, 19 secs. Auto Shutoff: 0.0727449
23% complete. Max time remaining: 1 min, 18 secs. Auto Shutoff: 0.0713236
24% complete. Max time remaining: 1 min, 16 secs. Auto Shutoff: 0.0673891
26% complete. Max time remaining: 1 min, 15 secs. Auto Shutoff: 0.047242
27% complete. Max time remaining: 1 min, 15 secs. Auto Shutoff: 0.0470342
28% complete. Max time remaining: 1 min, 15 secs. Auto Shutoff: 0.0468408
29% complete. Max time remaining: 1 min, 16 secs. Auto Shutoff: 0.0443726
30% complete. Max time remaining: 1 min, 15 secs. Auto Shutoff: 0.0396044
31% complete. Max time remaining: 1 min, 15 secs. Auto Shutoff: 0.0323305
32% complete. Max time remaining: 1 min, 14 secs. Auto Shutoff: 0.0321182
33% complete. Max time remaining: 1 min, 13 secs. Auto Shutoff: 0.0296257
34% complete. Max time remaining: 1 min, 13 secs. Auto Shutoff: 0.0275781
35% complete. Max time remaining: 1 min, 12 secs. Auto Shutoff: 0.0228266
37% complete. Max time remaining: 1 min, 9 secs. Auto Shutoff: 0.0229541
40% complete. Max time remaining: 1 min, 4 secs. Auto Shutoff: 0.0163939
41% complete. Max time remaining: 1 min, 1 secs. Auto Shutoff: 0.0167158
44% complete. Max time remaining: 56 secs. Auto Shutoff: 0.0126196
46% complete. Max time remaining: 54 secs. Auto Shutoff: 0.0127657
49% complete. Max time remaining: 50 secs. Auto Shutoff: 0.0103979
51% complete. Max time remaining: 49 secs. Auto Shutoff: 0.00983446
52% complete. Max time remaining: 47 secs. Auto Shutoff: 0.00832322
54% complete. Max time remaining: 45 secs. Auto Shutoff: 0.00770158
55% complete. Max time remaining: 44 secs. Auto Shutoff: 0.00772573
57% complete. Max time remaining: 42 secs. Auto Shutoff: 0.00681226
58% complete. Max time remaining: 41 secs. Auto Shutoff: 0.00676891
59% complete. Max time remaining: 40 secs. Auto Shutoff: 0.00627739
61% complete. Max time remaining: 39 secs. Auto Shutoff: 0.00598103
62% complete. Max time remaining: 37 secs. Auto Shutoff: 0.00534959
64% complete. Max time remaining: 35 secs. Auto Shutoff: 0.00496023
65% complete. Max time remaining: 34 secs. Auto Shutoff: 0.00469085
67% complete. Max time remaining: 32 secs. Auto Shutoff: 0.00443244
69% complete. Max time remaining: 30 secs. Auto Shutoff: 0.00417759
70% complete. Max time remaining: 28 secs. Auto Shutoff: 0.00408964
72% complete. Max time remaining: 27 secs. Auto Shutoff: 0.00367152
73% complete. Max time remaining: 26 secs. Auto Shutoff: 0.00321501
75% complete. Max time remaining: 24 secs. Auto Shutoff: 0.00329758
76% complete. Max time remaining: 22 secs. Auto Shutoff: 0.00288118
78% complete. Max time remaining: 21 secs. Auto Shutoff: 0.00291278
79% complete. Max time remaining: 19 secs. Auto Shutoff: 0.00284677
81% complete. Max time remaining: 18 secs. Auto Shutoff: 0.00249535
83% complete. Max time remaining: 16 secs. Auto Shutoff: 0.00273213
86% complete. Max time remaining: 13 secs. Auto Shutoff: 0.00202732
87% complete. Max time remaining: 12 secs. Auto Shutoff: 0.00224483
89% complete. Max time remaining: 10 secs. Auto Shutoff: 0.00190238
90% complete. Max time remaining: 9 secs. Auto Shutoff: 0.00190066
92% complete. Max time remaining: 7 secs. Auto Shutoff: 0.00174356
93% complete. Max time remaining: 6 secs. Auto Shutoff: 0.00165424
95% complete. Max time remaining: 4 secs. Auto Shutoff: 0.00177527
97% complete. Max time remaining: 3 secs. Auto Shutoff: 0.00144904
98% complete. Max time remaining: 2 secs. Auto Shutoff: 0.00148846
100% complete. Max time remaining: 0 secs. Auto Shutoff: 0.00142377
100% complete. Max time remaining: 0 secs. Auto Shutoff: 0.0014784
Completed 65733 iterations, or 5.00001e-12s of Simulation Time
Process 0 starting to collect data
    collecting monitor data
    collecting source data
Finished collecting data
Simulation completed successfully at: Sat Apr 19 22:14:25 2025
Overall wall time measurements in seconds:
    time to mesh and initialize: 1
    time to run FDTD simulation: 89
    time to finalize data and save to files: 1
    FDTD solver speed: 0 Mnodes/s
    total FDTD solver speed on 12 processes: 0 Mnodes/s
